(68, -85), (66, 83), (70, 63), (62, 14), (-22, 83)
(16, -79), (97, 46), (95, -46)
(-41, 72), (80, 62), (90, -96)
(92, 50), (39, 43), (42, -35)
(27, -2), (-86, 79), (-19, -85), (35, 69)
(-9, 63), (37, 22), (18, 95), (-24, -100), (-86, 2)
(77, -77), (3, -95), (-75, 61)
(78, -87), (-77, 70), (35, 18), (61, 88), (23, 83), (66, 13), (-61, 1)
(-40, -11), (98, -47), (-18, -17), (97, -27), (38, 29)
(-74, -23), (4, 94), (-92, 54), (20, -67)
(55, -12), (20, -72), (-82, 61), (29, -29), (-7, -67), (0, -37)
(-13, 62), (-87, -93), (71, -21), (-3, 81), (39, -15), (-60, -5)
(-17, -16), (28, 75), (-88, 93), (-95, 44), (34, 71)
(69, -66), (21, 54), (25, 80), (4, -71), (76, -11), (90, 41), (81, -100)
(-60, 36), (75, -84), (-97, -21), (32, 27), (-23, -56), (42, 18), (-79, 6)
(93, 52), (91, -56), (-62, 36), (58, 43)
(59, 81), (-89, 19), (-98, -7), (42, 47)
(-71, 53), (-32, 69), (18, 68), (-11, -64), (7, -57), (9, 82), (-39, -18)
(17, -5), (-63, 50), (36, 62), (-55, -18), (92, 19), (-44, -79)
(-87, 25), (84, 2), (94, 43), (91, 53)
(-76, -67), (-78, 54), (-99, -71), (15, -67), (-28, -3), (-2, -11), (-99, 6)
(91, -90), (-88, 84), (-30, -24), (-51, -38)
(-79, -77), (82, -42), (-93, 87), (18, -9), (69, 28), (-29, -96)
(82, 61), (-84, 67), (58, -54), (58, 23), (78, -88), (-82, 29)
(83, 30), (-93, -18), (13, 74), (71, -25), (32, 77)
